2111111111111111111111112
1000000000000000000000001
1000000000001000000000001
1000000000001000000000001
1000000000001000000000001
1000000000001000000000001
1000000000001000000000001
1000000000001000000000001
1000000000001000000000001
1000000000001000000000001
1000000000000000000000001
1000000000000000000000001
1011111111000001111111101
1000000000000000000000001
1000000000000000000000001
1000000000001000000000001
1000000000001000000000001
1000000000001000000000001
1000000000001000000000001
1000000000001000000000001
1000000000001000000000001
1000000000001000000000001
1000000000001000000000001
1000000000000000000000001
2111111111111111111111112
